Model of struct [64, 64, 64, 64, 64, 64, 64]
and Embeddings of 384:
  Accuracy: [0.01029739 0.01296697 0.01845235 0.02003447 0.02116065 0.02195473
 0.02252495 0.02297216 0.02334874 0.02365129]
  Loss: [6.405478   6.04644442 5.3201766  5.0182662  4.84126139 4.72193623
 4.63491726 4.56728697 4.51348591 4.46883631]

Model of struct [64, 64, 64, 64, 64, 64, 64]
and Embeddings of 192:
  Accuracy: [0.01029744 0.01236981 0.01685943 0.01891216 0.02007175 0.02100334
 0.0217061  0.02225407 0.02271853 0.0230968 ]
  Loss: [6.40548468 6.11120033 5.47574186 5.15378237 4.96335649 4.83415842
 4.74402475 4.67536926 4.61936235 4.57142115]

Model of struct [64, 64, 64, 64]
and Embeddings of 384:
  Accuracy: [0.01029778 0.01334818 0.01954781 0.02139685 0.02237586 0.02297808
 0.02341316 0.02269016 0.02369016 0.02326285]
  Loss: [6.40662574 5.98798274 5.06468248 4.78019571 4.62884998 4.53259658
 4.46504068 4.67923307 4.45014476 4.59133911]

Model of struct [64, 64, 64, 64]
and Embeddings of 192:
  Accuracy: [0.01029734 0.01443799 0.02002062 0.02172111 0.02264159 0.02325033
 0.02369481 0.02403702 0.02432517 0.02455845]
  Loss: [6.40646076 5.86158419 5.03439522 4.75375366 4.60049486 4.50243807
 4.43174601 4.37762403 4.33437967 4.29853725]
 
Model of struct [128, 128]
and Embeddings of 384:
  Accuracy: [0.01244278 0.02078150 0.02293187 0.02395066 0.02460610 0.02507082
 0.02542217 0.02569929 0.02592933 0.02613320]
  Loss: [6.15384864 4.88167476 4.52208471 4.35105228 4.24322605 4.16838073
 4.11305427 4.06996154 4.03781986 4.00546264]
Model of struct [128]
and Embeddings of 384:
  Accuracy: [2.59270184e-002 2.61367001e-002 1.23755530e+214 1.07144237e+200
 1.86148091e-027 1.09800774e+248 7.67581388e+170 3.98222679e+209
 7.68755681e+170 9.02704915e-308]
  Loss: [4.03788185e+000 4.00543833e+000 1.38308237e+267 1.67499952e+243
 1.19518500e+195 2.78208653e+045 3.16556531e+021 1.86666795e+031
 1.58085689e+199 2.13073763e+079]
Model of struct [64]
and Embeddings of 384:
  Accuracy: [0.01480751 0.01969123 0.02091454 0.02155993 0.02198847 0.02232716
 0.02258636 0.02280664 0.02299835 0.02315575]
  Loss: [5.82031488 5.02955484 4.80462599 4.68976879 4.61099863 4.55175066
 4.5059762  4.46889973 4.438097   4.41212225]
